# source
#   data_file:		stdin
#   arcsec/pixel:	13.3601
# background
#   constant_value:	0.000000
# column units
#   area:		pixel**2
#   surf_bri:		cnts/pixel**2
#   surf_err:		cnts/pixel**2
#   radii:		pixels
#   angles:		degrees

# background-subtracted results
 reg   net_counts     error   background    berror      area  surf_bri  surf_err   radius1   radius2    angle1    angle2
---- ------------ --------- ------------ --------- --------- --------- --------- --------- --------- --------- ---------
   1     1276.681    35.731        0.000     0.000    110.00    11.606     0.325        NA        NA        NA        NA
   2       24.686     4.969        0.000     0.000     10.00     2.469     0.497        NA        NA        NA        NA
   3       13.503     3.675        0.000     0.000     12.00     1.125     0.306        NA        NA        NA        NA
   4      156.440    12.508        0.000     0.000     39.00     4.011     0.321        NA        NA        NA        NA


# source_region(s):
# physical;polygon(9.3848754,12.629273,13.516589,12.704395,17.53562,14.469763,18.512207,14.507324,18.437085,13.455615,19.526355,13.530737,19.488794,8.4599975,18.474646,8.6478027,18.437085,7.3331664,14.493176,7.4082885,14.530737,6.3190184,10.661951,6.4692626,9.6102416,5.3799925,7.7321898,5.4926756,3.5629147,4.5160886,3.4502316,5.6053587,2.6238888,5.5302366,2.5487667,10.488293,3.5253537,10.525855,3.5629147,12.591712,4.3892575,12.516589,7.4692626,12.591712,7.5819457,11.540003);polygon(6.5302366,16.498059,8.5585326,16.573181,8.5585326,14.394641,9.6102416,14.35708,9.5726806,12.741956,8.5960937,12.403906,6.5302366,12.854639,6.6053587,13.793665);polygon(10.593999,17.467476,13.666834,17.512207,13.55415,15.521472,14.493176,15.559033,14.561128,13.500346,12.615125,12.929761,12.352197,14.469763,10.549268,14.469763,10.549268,14.657569);polygon(7.882434,5.4551146,9.7604858,5.3424315,11.563416,5.5677977,11.563416,6.5443846,14.60586,6.2814574,14.493176,7.4458495,18.662451,7.4458495,18.437085,5.4926756,17.498059,5.6053587,17.498059,4.6287718,14.493176,4.5912107,14.493176,3.5770627,11.563416,3.5770627,11.488293,2.4877927,5.7414549,2.4877927,5.6287718,3.4643796,4.4643796,3.5770627,4.5395017,4.6663328)

# source_data
 reg       counts    pixels
---- ------------ ---------
   1     1276.681       110
   2       24.686        10
   3       13.503        12
   4      156.440        39



